Version 0.9.7
5
 4 11 36 77 128 0 1
 5 80 400 206 81 2 2
 0 145 136 877 276 8 3
 1 137 42 206 81 140 4
 3 381 437 203 58 150 5
 0
65
 0 5 72 149 72 149 152 149 152 149 152 111 152 111 0 1 0 4
 0 5 72 136 72 136 72 143 198 143 198 150 198 150 0 1 0 3
 65535 5 152 53 152 53 152 28 72 28 72 50 72 50 0 4 0 1
 0 5 419 345 419 345 420 345 419 384 419 384 419 384 0 3 0 3
 0 5 627 345 627 345 627 345 627 384 627 384 627 384 0 3 0 3
 0 5 822 345 822 345 822 345 822 384 822 384 822 384 0 3 0 3
 0 5 978 345 978 345 978 384 978 384 965 384 965 384 0 3 0 3
 0 5 198 384 198 384 55 384 55 123 72 123 72 123 0 3 0 1
 8454143 5 328 163 328 163 328 163 328 202 328 202 328 202 0 3 0 3
 8454143 5 536 202 536 202 536 202 536 163 536 163 536 163 0 3 0 3
 8454143 5 731 202 731 202 731 202 731 163 731 163 731 163 0 3 0 3
 8454143 5 887 202 887 202 887 202 887 163 887 163 887 163 0 3 0 3
 8454143 5 72 89 72 89 72 163 72 163 198 163 198 163 0 1 0 3
 16777215 5 367 306 367 306 384 306 384 79 326 79 326 79 0 3 0 4
 16777215 5 367 319 367 319 367 319 354 319 354 319 354 319 0 3 0 3
 16711808 5 269 79 269 79 269 345 269 345 341 345 341 345 0 4 0 3
 255 5 328 306 328 306 307 306 307 306 307 79 307 79 0 3 0 4
 8421376 5 288 79 288 79 288 212 341 212 341 215 341 215 0 4 0 3
 255 5 328 319 328 319 323 319 323 241 354 241 354 241 0 3 0 3
 16777215 5 367 332 367 332 367 332 367 241 380 241 380 241 0 3 0 3
 0 5 367 202 367 202 365 202 365 150 367 150 367 150 0 3 0 3
 0 5 406 345 406 345 406 345 406 384 406 384 406 384 0 3 0 3
 0 5 393 384 393 384 393 474 393 474 392 474 392 474 0 3 0 5
 16777215 5 380 345 380 345 380 481 380 481 427 481 427 481 0 3 0 5
 255 5 328 332 328 332 328 325 575 325 575 332 575 332 0 3 0 3
 255 5 575 345 575 345 575 345 562 345 562 345 562 345 0 3 0 3
 255 5 562 332 562 332 562 332 549 332 549 332 549 332 0 3 0 3
 16711808 5 341 332 341 332 341 334 536 334 536 332 536 332 0 3 0 3
 16777215 5 549 202 549 202 549 195 383 195 383 202 380 202 0 3 0 3
 0 5 562 202 562 202 562 202 562 150 562 150 562 150 0 3 0 3
 0 5 575 202 575 202 575 202 575 150 575 150 575 150 0 3 0 3
 255 5 575 306 575 306 575 241 575 241 588 241 588 241 0 3 0 3
 0 5 614 345 614 345 614 345 614 384 614 384 614 384 0 3 0 3
 32768 5 770 319 770 319 770 319 757 319 757 319 757 319 0 3 0 3
 16777215 5 367 345 367 345 367 318 744 318 744 345 744 345 0 3 0 3
 8421376 5 757 306 757 306 757 306 731 306 731 306 731 306 0 3 0 3
 255 5 588 228 588 228 588 212 744 212 744 228 744 228 0 3 0 3
 8421376 5 770 332 770 332 715 332 715 260 757 260 757 241 0 3 0 3
 8421376 5 757 215 757 215 757 214 783 214 783 215 783 215 0 3 0 3
 0 5 770 150 770 150 772 150 772 202 770 202 770 202 0 3 0 3
 0 5 809 345 809 345 809 345 809 384 809 384 809 384 0 3 0 3
 4227072 5 783 345 783 345 783 352 467 352 467 481 467 481 0 3 0 5
 16711808 5 536 306 536 306 536 316 926 316 926 306 926 306 0 3 0 3
 16711808 5 926 319 926 319 926 319 913 319 913 319 913 319 0 3 0 3
 16777215 5 549 228 549 228 549 193 887 193 887 319 887 319 0 3 0 3
 16711808 5 913 332 913 332 911 332 911 241 900 241 900 241 0 3 0 3
 16777215 5 887 345 887 345 887 228 887 228 913 228 913 228 0 3 0 3
 0 5 926 202 926 202 926 202 926 150 926 150 926 150 0 3 0 3
 16711808 5 900 215 900 215 900 215 939 215 939 215 939 215 0 3 0 3
 16711808 5 939 345 939 345 939 376 487 376 487 481 487 481 0 3 0 5
 0 5 965 345 965 345 965 384 965 384 952 384 952 384 0 3 0 3
 4210816 5 212 79 212 79 212 202 419 202 419 215 419 215 0 4 0 3
 4210816 5 419 228 419 228 419 249 627 249 627 241 627 241 0 3 0 3
 4210816 5 627 215 627 215 627 178 822 178 822 215 822 215 0 3 0 3
 4210816 5 822 241 822 241 822 244 978 244 978 241 978 241 0 3 0 3
 4227327 5 231 79 231 79 231 184 406 184 406 228 406 228 0 4 0 3
 4227327 5 406 241 406 241 406 252 614 252 614 241 614 241 0 3 0 3
 255 5 588 345 588 345 447 345 447 345 447 481 447 481 0 3 0 5
 8421376 5 770 345 770 345 770 351 900 351 900 345 900 345 0 3 0 3
 8421376 5 288 66 288 66 856 66 856 306 770 306 770 306 0 4 0 3
 4227327 5 809 241 809 241 809 241 965 241 965 241 965 241 0 3 0 3
 4227327 5 809 228 809 228 809 198 614 198 614 215 614 215 0 3 0 3
 65535 5 393 215 393 215 393 190 250 190 250 79 250 79 0 3 0 4
 65535 5 952 228 952 228 952 228 601 228 601 228 601 228 0 3 0 3
 65535 5 601 202 601 202 601 215 393 215 393 228 393 228 0 3 0 3
4
 7151 1 16 322 254 5 0 0 0 3
 7151 1 16 881 254 5 0 0 0 3
 7151 1 16 530 254 5 0 0 0 3
 7151 1 16 725 254 5 0 0 0 3
